580.00 521.00 200.00
580.00 527.00 200.00
580.00 531.00 200.00
580.00 544.00 200.00
100.00 551.00 200.00
580.00 536.00 200.00
580.00 520.00 200.00
580.00 519.00 200.00
580.00 528.00 200.00
580.00 538.00 200.00
100.00 552.00 200.00
580.00 537.00 200.00
580.00 523.00 200.00
580.00 521.00 200.00
580.00 529.00 200.00
580.00 538.00 200.00
580.00 540.00 200.00
580.00 547.00 200.00
100.00 562.00 200.00
100.00 552.00 200.00
580.00 512.00 200.00
580.00 484.00 200.00
580.00 477.00 200.00
580.00 481.00 200.00
580.00 497.00 200.00
580.00 514.00 200.00
580.00 532.00 200.00
580.00 545.00 200.00
100.00 556.00 200.00
580.00 543.00 200.00
580.00 525.00 200.00
580.00 523.00 200.00
580.00 524.00 200.00
580.00 534.00 200.00
580.00 541.00 200.00
580.00 548.00 200.00
100.00 560.00 200.00
580.00 546.00 200.00
580.00 532.00 200.00
580.00 524.00 200.00
580.00 534.00 200.00
580.00 545.00 200.00
100.00 554.00 200.00
580.00 541.00 200.00
580.00 525.00 200.00
580.00 522.00 200.00
580.00 533.00 200.00
580.00 531.00 200.00
580.00 546.00 200.00
100.00 552.00 200.00
580.00 547.00 200.00
580.00 527.00 200.00
580.00 520.00 200.00
580.00 528.00 200.00
580.00 537.00 200.00
580.00 540.00 200.00
100.00 554.00 200.00
580.00 545.00 200.00
580.00 532.00 200.00
580.00 528.00 200.00
580.00 533.00 200.00
580.00 535.00 200.00
580.00 542.00 200.00
100.00 553.00 200.00
580.00 538.00 200.00
580.00 524.00 200.00
580.00 518.00 200.00
580.00 529.00 200.00
580.00 533.00 200.00
580.00 541.00 200.00
100.00 554.00 200.00
580.00 533.00 200.00
580.00 530.00 200.00
580.00 526.00 200.00
580.00 537.00 200.00
580.00 543.00 200.00
580.00 548.00 200.00
100.00 568.00 200.00
100.00 550.00 200.00
580.00 505.00 200.00
580.00 476.00 200.00
580.00 474.00 200.00
580.00 488.00 200.00
580.00 496.00 200.00
580.00 511.00 200.00
580.00 524.00 200.00
580.00 538.00 200.00
580.00 547.00 200.00
100.00 554.00 200.00
100.00 551.00 200.00
580.00 515.00 200.00
580.00 483.00 200.00
580.00 478.00 200.00
580.00 494.00 200.00
580.00 492.00 200.00
580.00 506.00 200.00
580.00 517.00 200.00
580.00 534.00 200.00
580.00 547.00 200.00
100.00 557.00 200.00
580.00 547.00 200.00
580.00 532.00 200.00
580.00 528.00 200.00
580.00 528.00 200.00
580.00 541.00 200.00
100.00 551.00 200.00
580.00 539.00 200.00
580.00 521.00 200.00
580.00 526.00 200.00
580.00 532.00 200.00
580.00 533.00 200.00
580.00 541.00 200.00
580.00 544.00 200.00
100.00 561.00 200.00
580.00 549.00 200.00
580.00 528.00 200.00
580.00 526.00 200.00
580.00 532.00 200.00
580.00 541.00 200.00
580.00 549.00 200.00
100.00 564.00 200.00
580.00 545.00 200.00
580.00 530.00 200.00
580.00 526.00 200.00
580.00 534.00 200.00
580.00 542.00 200.00
580.00 543.00 200.00
200.00 554.00 200.00
580.00 540.00 200.00
580.00 530.00 200.00
580.00 533.00 200.00
580.00 542.00 200.00
580.00 549.00 200.00
200.00 555.00 200.00
200.00 551.00 200.00
580.00 519.00 200.00
580.00 508.00 200.00
580.00 502.00 200.00
580.00 511.00 200.00
580.00 521.00 200.00
580.00 541.00 200.00
580.00 547.00 200.00
200.00 552.00 200.00
580.00 541.00 200.00
580.00 527.00 200.00
580.00 530.00 200.00
580.00 539.00 200.00
580.00 546.00 200.00
200.00 550.00 200.00
200.00 551.00 200.00
580.00 521.00 1000.00
580.00 499.00 1000.00
580.00 503.00 1000.00
580.00 493.00 1000.00
580.00 513.00 1000.00
580.00 528.00 1000.00
580.00 546.00 1000.00
200.00 552.00 1000.00
580.00 543.00 1000.00
580.00 530.00 1000.00
580.00 528.00 1000.00
580.00 533.00 1000.00
580.00 544.00 1000.00
200.00 554.00 1000.00
580.00 544.00 1000.00
580.00 530.00 1000.00
580.00 533.00 1000.00
580.00 544.00 1000.00
200.00 553.00 1000.00
580.00 535.00 1000.00
580.00 526.00 1000.00
580.00 532.00 1000.00
580.00 534.00 1000.00
580.00 542.00 1000.00
200.00 551.00 1000.00
580.00 542.00 1000.00
580.00 530.00 1000.00
580.00 536.00 1000.00
580.00 533.00 1000.00
580.00 544.00 1000.00
200.00 552.00 1000.00
580.00 546.00 1000.00
580.00 535.00 1000.00
580.00 534.00 1000.00
580.00 540.00 1000.00
580.00 545.00 1000.00
200.00 553.00 1000.00
200.00 561.00 1000.00
580.00 520.00 1000.00
580.00 500.00 1000.00
580.00 497.00 1000.00
580.00 500.00 1000.00
580.00 515.00 1000.00
580.00 528.00 1000.00
580.00 531.00 1000.00
580.00 547.00 1000.00
200.00 556.00 1000.00
580.00 548.00 1000.00
580.00 543.00 1000.00
580.00 543.00 1000.00
580.00 547.00 1000.00
200.00 554.00 1000.00
580.00 547.00 1000.00
580.00 541.00 1000.00
580.00 532.00 1000.00
580.00 536.00 1000.00
580.00 543.00 1000.00
580.00 549.00 1000.00
200.00 557.00 1000.00
200.00 554.00 1000.00
580.00 511.00 1000.00
580.00 501.00 1000.00
580.00 499.00 1000.00
580.00 503.00 1000.00
580.00 515.00 1000.00
580.00 532.00 1000.00
580.00 538.00 1000.00
200.00 555.00 1000.00
580.00 549.00 1000.00
580.00 537.00 1000.00
580.00 528.00 1000.00
580.00 536.00 1000.00
580.00 540.00 1000.00
200.00 555.00 1000.00
580.00 544.00 1000.00
580.00 537.00 1000.00
580.00 535.00 1000.00
580.00 535.00 1000.00
580.00 546.00 1000.00
200.00 556.00 1000.00
200.00 550.00 1000.00
580.00 523.00 1000.00
580.00 505.00 1000.00
580.00 500.00 1000.00
580.00 509.00 1000.00
580.00 516.00 1000.00
580.00 530.00 1000.00
580.00 541.00 1000.00
200.00 551.00 1000.00
580.00 545.00 1000.00
580.00 531.00 1000.00
580.00 533.00 1000.00
580.00 535.00 1000.00
580.00 546.00 1000.00
580.00 549.00 1000.00
200.00 558.00 1000.00
200.00 553.00 1000.00
580.00 527.00 1000.00
580.00 510.00 1000.00
580.00 506.00 1000.00
580.00 519.00 1000.00
580.00 513.00 1000.00
580.00 528.00 1000.00
580.00 540.00 1000.00
200.00 552.00 1000.00
580.00 545.00 1000.00
580.00 535.00 1000.00
580.00 533.00 1000.00
580.00 536.00 1000.00
580.00 541.00 1000.00
200.00 551.00 1000.00
580.00 544.00 1000.00
580.00 540.00 1000.00
580.00 543.00 1000.00
580.00 543.00 1000.00
200.00 555.00 1000.00
200.00 551.00 1000.00
580.00 506.00 1000.00
580.00 492.00 1000.00
580.00 488.00 1000.00
580.00 497.00 1000.00
580.00 510.00 1000.00
580.00 522.00 1000.00
580.00 534.00 1000.00
580.00 549.00 1000.00
200.00 558.00 1000.00
580.00 547.00 1000.00
580.00 533.00 1000.00
580.00 538.00 1000.00
580.00 543.00 1000.00
200.00 551.00 1000.00
580.00 548.00 1000.00
580.00 541.00 1000.00
580.00 521.00 1000.00
580.00 533.00 1000.00
580.00 544.00 1000.00
580.00 549.00 1000.00
200.00 558.00 1000.00
200.00 555.00 1000.00
580.00 525.00 1000.00
580.00 514.00 1000.00
580.00 505.00 1000.00
580.00 501.00 1000.00
580.00 526.00 1000.00
580.00 534.00 1000.00
580.00 544.00 1000.00
200.00 554.00 1000.00
200.00 557.00 1000.00
580.00 518.00 1000.00
580.00 502.00 1000.00
