340.00 623.00 200.00
340.00 614.00 200.00
340.00 599.00 200.00
340.00 572.00 200.00
340.00 541.00 200.00
340.00 523.00 200.00
340.00 492.00 200.00
340.00 478.00 200.00
340.00 453.00 200.00
340.00 450.00 200.00
340.00 423.00 200.00
340.00 407.00 200.00
340.00 406.00 200.00
340.00 396.00 200.00
340.00 394.00 200.00
340.00 383.00 200.00
340.00 375.00 200.00
340.00 381.00 200.00
340.00 375.00 200.00
340.00 368.00 200.00
340.00 374.00 200.00
340.00 372.00 200.00
340.00 370.00 200.00
340.00 366.00 200.00
340.00 371.00 200.00
340.00 372.00 200.00
340.00 359.00 200.00
340.00 352.00 200.00
340.00 362.00 200.00
340.00 361.00 200.00
340.00 368.00 200.00
340.00 362.00 200.00
340.00 364.00 200.00
340.00 363.00 200.00
340.00 361.00 200.00
340.00 359.00 200.00
340.00 364.00 200.00
340.00 363.00 200.00
340.00 368.00 200.00
340.00 363.00 200.00
340.00 375.00 200.00
340.00 371.00 200.00
340.00 358.00 200.00
340.00 359.00 200.00
340.00 362.00 200.00
340.00 358.00 200.00
340.00 361.00 200.00
340.00 360.00 200.00
340.00 359.00 200.00
340.00 363.00 200.00
340.00 362.00 200.00
340.00 363.00 200.00
340.00 362.00 200.00
340.00 366.00 200.00
340.00 365.00 200.00
340.00 365.00 200.00
340.00 378.00 200.00
340.00 359.00 200.00
340.00 359.00 200.00
340.00 363.00 200.00
340.00 361.00 200.00
340.00 353.00 200.00
340.00 366.00 200.00
340.00 364.00 200.00
340.00 365.00 200.00
340.00 364.00 200.00
340.00 359.00 200.00
340.00 362.00 200.00
340.00 367.00 200.00
340.00 365.00 200.00
340.00 367.00 200.00
340.00 368.00 200.00
340.00 374.00 200.00
340.00 356.00 200.00
340.00 361.00 200.00
340.00 364.00 200.00
340.00 363.00 200.00
340.00 357.00 200.00
340.00 361.00 200.00
340.00 363.00 200.00
340.00 358.00 200.00
340.00 361.00 200.00
340.00 360.00 200.00
340.00 366.00 200.00
340.00 361.00 200.00
340.00 360.00 200.00
340.00 358.00 200.00
340.00 366.00 200.00
340.00 369.00 200.00
340.00 357.00 200.00
340.00 359.00 200.00
340.00 364.00 200.00
340.00 359.00 200.00
340.00 355.00 200.00
340.00 360.00 200.00
340.00 359.00 200.00
340.00 359.00 200.00
340.00 361.00 200.00
340.00 360.00 200.00
340.00 364.00 200.00
340.00 363.00 200.00
340.00 366.00 200.00
340.00 365.00 200.00
340.00 377.00 200.00
340.00 362.00 200.00
340.00 361.00 200.00
340.00 362.00 200.00
340.00 359.00 200.00
340.00 356.00 200.00
340.00 356.00 200.00
340.00 363.00 200.00
340.00 363.00 200.00
340.00 361.00 200.00
340.00 360.00 200.00
340.00 361.00 200.00
340.00 366.00 200.00
340.00 361.00 200.00
340.00 365.00 200.00
340.00 363.00 200.00
340.00 368.00 200.00
340.00 362.00 200.00
340.00 353.00 200.00
340.00 357.00 200.00
340.00 362.00 200.00
340.00 363.00 200.00
340.00 355.00 200.00
340.00 363.00 200.00
340.00 361.00 200.00
340.00 362.00 200.00
340.00 364.00 200.00
340.00 365.00 200.00
340.00 361.00 200.00
340.00 366.00 200.00
340.00 371.00 200.00
340.00 361.00 200.00
340.00 378.00 200.00
340.00 361.00 200.00
340.00 363.00 200.00
340.00 364.00 200.00
340.00 365.00 200.00
340.00 360.00 200.00
340.00 360.00 200.00
340.00 360.00 200.00
340.00 355.00 200.00
340.00 364.00 200.00
340.00 358.00 200.00
340.00 361.00 200.00
340.00 366.00 200.00
340.00 366.00 200.00
340.00 364.00 200.00
660.00 357.00 1000.00
660.00 379.00 1000.00
660.00 397.00 1000.00
660.00 436.00 1000.00
660.00 473.00 1000.00
660.00 507.00 1000.00
660.00 531.00 1000.00
660.00 559.00 1000.00
660.00 579.00 1000.00
660.00 591.00 1000.00
660.00 613.00 1000.00
660.00 625.00 1000.00
660.00 638.00 1000.00
660.00 651.00 1000.00
660.00 656.00 1000.00
660.00 662.00 1000.00
660.00 673.00 1000.00
660.00 670.00 1000.00
660.00 668.00 1000.00
660.00 667.00 1000.00
660.00 674.00 1000.00
660.00 679.00 1000.00
660.00 680.00 1000.00
660.00 677.00 1000.00
660.00 680.00 1000.00
660.00 673.00 1000.00
660.00 679.00 1000.00
660.00 679.00 1000.00
660.00 684.00 1000.00
660.00 680.00 1000.00
660.00 686.00 1000.00
660.00 689.00 1000.00
660.00 692.00 1000.00
660.00 683.00 1000.00
660.00 678.00 1000.00
660.00 686.00 1000.00
660.00 689.00 1000.00
660.00 682.00 1000.00
660.00 686.00 1000.00
660.00 687.00 1000.00
660.00 687.00 1000.00
660.00 680.00 1000.00
660.00 686.00 1000.00
660.00 687.00 1000.00
660.00 690.00 1000.00
660.00 690.00 1000.00
660.00 689.00 1000.00
660.00 685.00 1000.00
660.00 692.00 1000.00
660.00 684.00 1000.00
660.00 678.00 1000.00
660.00 682.00 1000.00
660.00 680.00 1000.00
660.00 685.00 1000.00
660.00 684.00 1000.00
660.00 684.00 1000.00
660.00 685.00 1000.00
660.00 676.00 1000.00
660.00 679.00 1000.00
660.00 687.00 1000.00
660.00 688.00 1000.00
660.00 691.00 1000.00
660.00 684.00 1000.00
660.00 696.00 1000.00
660.00 688.00 1000.00
660.00 682.00 1000.00
660.00 677.00 1000.00
660.00 688.00 1000.00
660.00 684.00 1000.00
660.00 683.00 1000.00
660.00 686.00 1000.00
660.00 679.00 1000.00
660.00 683.00 1000.00
660.00 685.00 1000.00
660.00 684.00 1000.00
660.00 690.00 1000.00
660.00 690.00 1000.00
660.00 690.00 1000.00
660.00 694.00 1000.00
660.00 697.00 1000.00
660.00 688.00 1000.00
660.00 690.00 1000.00
660.00 680.00 1000.00
660.00 687.00 1000.00
660.00 686.00 1000.00
660.00 689.00 1000.00
660.00 683.00 1000.00
660.00 686.00 1000.00
660.00 680.00 1000.00
660.00 680.00 1000.00
660.00 682.00 1000.00
660.00 686.00 1000.00
660.00 688.00 1000.00
660.00 688.00 1000.00
660.00 691.00 1000.00
660.00 695.00 1000.00
660.00 685.00 1000.00
660.00 683.00 1000.00
660.00 683.00 1000.00
660.00 684.00 1000.00
660.00 680.00 1000.00
660.00 687.00 1000.00
660.00 679.00 1000.00
660.00 690.00 1000.00
660.00 689.00 1000.00
660.00 686.00 1000.00
660.00 691.00 1000.00
660.00 683.00 1000.00
660.00 691.00 1000.00
660.00 691.00 1000.00
660.00 693.00 1000.00
660.00 692.00 1000.00
660.00 684.00 1000.00
660.00 686.00 1000.00
660.00 684.00 1000.00
660.00 684.00 1000.00
660.00 685.00 1000.00
660.00 688.00 1000.00
660.00 683.00 1000.00
660.00 683.00 1000.00
660.00 680.00 1000.00
660.00 686.00 1000.00
660.00 691.00 1000.00
660.00 683.00 1000.00
660.00 691.00 1000.00
660.00 688.00 1000.00
660.00 698.00 1000.00
660.00 688.00 1000.00
660.00 684.00 1000.00
660.00 688.00 1000.00
660.00 686.00 1000.00
660.00 684.00 1000.00
660.00 680.00 1000.00
660.00 688.00 1000.00
660.00 687.00 1000.00
660.00 682.00 1000.00
660.00 684.00 1000.00
660.00 682.00 1000.00
660.00 688.00 1000.00
660.00 688.00 1000.00
660.00 686.00 1000.00
660.00 692.00 1000.00
660.00 697.00 1000.00
660.00 689.00 1000.00
660.00 681.00 1000.00
660.00 681.00 1000.00
660.00 687.00 1000.00
660.00 683.00 1000.00
660.00 679.00 1000.00
660.00 683.00 1000.00
