340.00 858.00 200.00
340.00 787.00 200.00
340.00 700.00 200.00
340.00 640.00 200.00
340.00 591.00 200.00
340.00 547.00 200.00
340.00 521.00 200.00
340.00 488.00 200.00
340.00 466.00 200.00
340.00 445.00 200.00
340.00 430.00 200.00
340.00 414.00 200.00
340.00 414.00 200.00
340.00 407.00 200.00
340.00 403.00 200.00
340.00 394.00 200.00
340.00 387.00 200.00
340.00 391.00 200.00
340.00 373.00 200.00
340.00 370.00 200.00
340.00 368.00 200.00
340.00 366.00 200.00
340.00 369.00 200.00
340.00 363.00 200.00
340.00 371.00 200.00
340.00 363.00 200.00
340.00 360.00 200.00
340.00 369.00 200.00
340.00 365.00 200.00
340.00 368.00 200.00
340.00 367.00 200.00
340.00 370.00 200.00
340.00 373.00 200.00
340.00 369.00 200.00
340.00 359.00 200.00
340.00 363.00 200.00
340.00 367.00 200.00
340.00 364.00 200.00
340.00 367.00 200.00
340.00 365.00 200.00
340.00 357.00 200.00
340.00 354.00 200.00
340.00 366.00 200.00
340.00 361.00 200.00
340.00 369.00 200.00
340.00 366.00 200.00
340.00 367.00 200.00
340.00 369.00 200.00
340.00 369.00 200.00
340.00 360.00 200.00
340.00 360.00 200.00
340.00 356.00 200.00
340.00 361.00 200.00
340.00 361.00 200.00
340.00 358.00 200.00
340.00 359.00 200.00
340.00 358.00 200.00
340.00 352.00 200.00
340.00 360.00 200.00
340.00 359.00 200.00
340.00 371.00 200.00
340.00 365.00 200.00
340.00 366.00 200.00
340.00 367.00 200.00
340.00 379.00 200.00
340.00 364.00 200.00
340.00 359.00 200.00
340.00 362.00 200.00
340.00 361.00 200.00
340.00 359.00 200.00
340.00 361.00 200.00
340.00 365.00 200.00
340.00 361.00 200.00
340.00 358.00 200.00
340.00 362.00 200.00
340.00 365.00 200.00
340.00 369.00 200.00
340.00 371.00 200.00
340.00 369.00 200.00
340.00 367.00 200.00
340.00 366.00 200.00
340.00 360.00 200.00
340.00 356.00 200.00
340.00 359.00 200.00
340.00 355.00 200.00
340.00 361.00 200.00
340.00 356.00 200.00
340.00 361.00 200.00
340.00 365.00 200.00
340.00 362.00 200.00
340.00 360.00 200.00
340.00 362.00 200.00
340.00 368.00 200.00
340.00 365.00 200.00
340.00 368.00 200.00
340.00 381.00 200.00
340.00 366.00 200.00
340.00 366.00 200.00
340.00 357.00 200.00
340.00 359.00 200.00
340.00 362.00 200.00
340.00 360.00 200.00
340.00 360.00 200.00
340.00 358.00 200.00
340.00 358.00 200.00
340.00 362.00 200.00
340.00 360.00 200.00
340.00 364.00 200.00
340.00 363.00 200.00
340.00 361.00 200.00
340.00 364.00 200.00
340.00 369.00 200.00
340.00 356.00 200.00
340.00 360.00 200.00
340.00 357.00 200.00
340.00 357.00 200.00
340.00 360.00 200.00
340.00 360.00 200.00
340.00 360.00 200.00
340.00 362.00 200.00
340.00 359.00 200.00
340.00 362.00 200.00
340.00 368.00 200.00
340.00 366.00 200.00
340.00 369.00 200.00
340.00 368.00 200.00
340.00 362.00 200.00
340.00 371.00 200.00
340.00 361.00 200.00
340.00 359.00 200.00
340.00 355.00 200.00
340.00 359.00 200.00
340.00 366.00 200.00
340.00 363.00 200.00
340.00 359.00 200.00
340.00 363.00 200.00
340.00 362.00 200.00
340.00 358.00 200.00
340.00 366.00 200.00
340.00 362.00 200.00
340.00 366.00 200.00
340.00 361.00 200.00
660.00 373.00 200.00
660.00 375.00 200.00
660.00 401.00 200.00
660.00 435.00 200.00
660.00 469.00 200.00
660.00 501.00 200.00
660.00 529.00 200.00
660.00 560.00 200.00
660.00 579.00 1000.00
660.00 596.00 1000.00
660.00 611.00 1000.00
660.00 626.00 1000.00
660.00 642.00 1000.00
660.00 650.00 1000.00
660.00 660.00 1000.00
660.00 658.00 1000.00
660.00 680.00 1000.00
660.00 667.00 1000.00
660.00 665.00 1000.00
660.00 671.00 1000.00
660.00 675.00 1000.00
660.00 676.00 1000.00
660.00 672.00 1000.00
660.00 675.00 1000.00
660.00 685.00 1000.00
660.00 677.00 1000.00
660.00 680.00 1000.00
660.00 682.00 1000.00
660.00 693.00 1000.00
660.00 680.00 1000.00
660.00 688.00 1000.00
660.00 690.00 1000.00
660.00 694.00 1000.00
660.00 687.00 1000.00
660.00 680.00 1000.00
660.00 681.00 1000.00
660.00 681.00 1000.00
660.00 678.00 1000.00
660.00 677.00 1000.00
660.00 687.00 1000.00
660.00 686.00 1000.00
660.00 686.00 1000.00
660.00 681.00 1000.00
660.00 687.00 1000.00
660.00 689.00 1000.00
660.00 690.00 1000.00
660.00 692.00 1000.00
660.00 685.00 1000.00
660.00 690.00 1000.00
660.00 687.00 1000.00
660.00 687.00 1000.00
660.00 686.00 1000.00
660.00 685.00 1000.00
660.00 682.00 1000.00
660.00 679.00 1000.00
660.00 688.00 1000.00
660.00 685.00 1000.00
660.00 687.00 1000.00
660.00 687.00 1000.00
660.00 692.00 1000.00
660.00 692.00 1000.00
660.00 688.00 1000.00
660.00 688.00 1000.00
660.00 693.00 1000.00
660.00 689.00 1000.00
660.00 680.00 1000.00
660.00 681.00 1000.00
660.00 680.00 1000.00
660.00 680.00 1000.00
660.00 686.00 1000.00
660.00 683.00 1000.00
660.00 682.00 1000.00
660.00 682.00 1000.00
660.00 682.00 1000.00
660.00 682.00 1000.00
660.00 690.00 1000.00
660.00 690.00 1000.00
660.00 690.00 1000.00
660.00 691.00 1000.00
660.00 698.00 1000.00
660.00 685.00 1000.00
660.00 689.00 1000.00
660.00 677.00 1000.00
660.00 686.00 1000.00
660.00 684.00 1000.00
660.00 686.00 1000.00
660.00 676.00 1000.00
660.00 687.00 1000.00
660.00 683.00 1000.00
660.00 682.00 1000.00
660.00 688.00 1000.00
660.00 684.00 1000.00
660.00 690.00 1000.00
660.00 690.00 1000.00
660.00 691.00 1000.00
660.00 687.00 1000.00
660.00 686.00 1000.00
660.00 684.00 1000.00
660.00 680.00 1000.00
660.00 681.00 1000.00
660.00 687.00 1000.00
660.00 686.00 1000.00
660.00 686.00 1000.00
660.00 681.00 1000.00
660.00 675.00 1000.00
660.00 684.00 1000.00
660.00 689.00 1000.00
660.00 691.00 1000.00
660.00 692.00 1000.00
660.00 692.00 1000.00
660.00 691.00 1000.00
660.00 682.00 1000.00
660.00 685.00 1000.00
660.00 680.00 1000.00
660.00 685.00 1000.00
660.00 680.00 1000.00
660.00 686.00 1000.00
660.00 685.00 1000.00
660.00 684.00 1000.00
660.00 685.00 1000.00
660.00 688.00 1000.00
660.00 685.00 1000.00
660.00 694.00 1000.00
660.00 689.00 1000.00
660.00 688.00 1000.00
660.00 688.00 1000.00
660.00 698.00 1000.00
660.00 682.00 1000.00
660.00 685.00 1000.00
660.00 679.00 1000.00
660.00 683.00 1000.00
660.00 680.00 1000.00
660.00 683.00 1000.00
660.00 687.00 1000.00
660.00 683.00 1000.00
660.00 682.00 1000.00
660.00 681.00 1000.00
660.00 679.00 1000.00
660.00 694.00 1000.00
660.00 690.00 1000.00
660.00 689.00 1000.00
660.00 693.00 1000.00
660.00 699.00 1000.00
660.00 684.00 1000.00
660.00 685.00 1000.00
660.00 681.00 1000.00
660.00 685.00 1000.00
660.00 686.00 1000.00
660.00 687.00 1000.00
660.00 678.00 1000.00
660.00 686.00 1000.00
660.00 689.00 1000.00
660.00 679.00 1000.00
660.00 689.00 1000.00
660.00 690.00 1000.00
660.00 686.00 1000.00
660.00 687.00 1000.00
660.00 691.00 1000.00
